100 25 10 4 1 
C
73 85
16 83
32 76
95 92
93 28
17 45
3 46
26 88
38 34
56 50
33 50
27 23
23 94
99 7
68 82
27 6
4 20
3 92
76 20
72 58
11 26
65 58
41 94
38 31
49 65
23 71
43 75
41 45
68 99
24 49
46 20
75 55
72 12
77 39
90 38
46 17
5 14
10 34
44 55
66 98
58 92
60 5
23 98
79 34
96 0
19 27
82 43
69 70
91 43
19 44
B
CA
16 13
0 14
34 9
85 22
19 9
87 0
97 22
62 15
27 0
89 8
35 21
75 14
26 16
17 6
34 15
23 22
97 23
92 3
57 6
87 13
59 10
14 21
1 16
54 7
9 7
65 16
76 1
17 13
71 0
60 10
8 7
18 7
46 20
53 22
82 12
61 24
9 0
90 4
61 18
6 23
46 21
15 5
90 6
38 8
97 7
80 19
37 18
10 14
13 2
62 19
BA
