100 25 10 4 2 
C
7 57
92 43
94 91
81 54
19 29
67 19
84 74
36 46
35 89
82 32
28 99
55 49
73 81
41 1
3 58
57 17
92 27
28 63
80 3
71 19
98 71
21 80
21 75
9 34
6 97
61 97
45 12
80 16
0 51
78 56
95 15
21 82
96 94
42 51
89 77
97 25
38 34
35 61
43 85
83 31
60 48
33 98
78 1
51 68
10 78
59 91
13 22
5 13
3 23
3 45
B
CA
25 11
73 5
91 15
45 6
44 18
59 13
98 7
48 14
50 19
42 14
71 11
73 4
23 9
96 13
94 12
15 8
12 13
82 4
63 18
92 20
9 20
7 3
26 1
32 0
55 23
38 20
40 17
77 1
40 14
84 21
37 12
39 15
85 3
18 1
0 13
32 7
75 20
45 18
43 12
11 17
8 16
92 2
17 4
87 20
1 19
16 5
94 3
53 3
59 19
11 18
BA
