100 25 100 4 6 
C
72 56
76 6
3 13
95 61
53 94
75 58
80 44
92 1
65 20
91 99
74 8
46 32
42 39
46 61
43 22
32 5
1 40
67 11
18 22
92 91
70 23
48 2
77 90
72 17
3 12
64 68
82 26
89 40
71 72
1 81
69 98
83 43
2 51
47 13
35 71
89 28
27 69
68 84
80 8
14 56
87 55
51 14
98 5
75 45
42 58
74 61
53 49
71 74
54 45
39 28
B
CA
24 21
22 19
29 3
4 5
73 23
36 22
71 0
41 2
39 3
85 6
15 20
14 4
91 24
7 20
19 22
6 3
34 9
92 18
4 0
14 11
71 14
68 24
50 16
0 16
19 13
20 3
89 18
37 4
32 19
26 2
27 13
78 8
22 21
56 23
39 1
40 21
80 10
49 2
79 2
94 9
94 4
75 5
70 8
17 21
17 13
97 20
45 21
74 1
74 19
62 9
BA
