100 25 100 4 7 
C
58 76
61 13
41 54
56 44
67 13
60 69
7 99
23 98
92 62
96 64
9 56
34 63
63 53
87 57
57 2
27 51
16 2
24 93
54 75
32 6
40 75
34 82
75 14
29 89
17 91
7 71
35 98
97 72
17 48
2 79
78 19
66 54
62 47
72 93
60 22
20 95
39 13
55 56
60 86
31 28
43 96
27 2
64 41
20 60
30 62
46 51
63 25
24 41
75 53
88 65
B
CA
17 22
89 5
75 10
2 16
7 16
89 14
31 11
58 5
43 4
96 14
11 4
28 11
73 19
20 5
81 18
69 18
56 9
63 2
28 1
98 5
67 18
78 18
78 0
8 17
79 24
24 14
88 24
18 8
27 9
87 3
48 5
22 8
24 2
46 18
35 5
2 6
56 19
85 23
22 2
48 11
25 14
99 0
89 20
60 20
83 0
75 13
51 11
51 23
37 21
83 4
BA
